[gd_scene load_steps=21 format=3 uid="uid://dp8sdl4ps8xu2"]

[ext_resource type="Material" uid="uid://ib3ge7vrata7" path="res://resources/materials/road.tres" id="1_g2h75"]
[ext_resource type="Material" uid="uid://660l7kfkene3" path="res://resources/materials/wood (cabin).tres" id="1_ru4tf"]
[ext_resource type="Material" uid="uid://b641hk5h2fmit" path="res://resources/materials/grass.tres" id="1_wwpf4"]
[ext_resource type="CameraAttributesPractical" uid="uid://d0qvc00itnxwf" path="res://resources/camera_attributes/main_camera_attributes.tres" id="2_bbk5w"]
[ext_resource type="Material" uid="uid://lr3qf4bdj15y" path="res://resources/materials/rock.tres" id="3_dwgg1"]
[ext_resource type="Material" uid="uid://bkqjf6i0vw30b" path="res://resources/materials/dirt.tres" id="3_m7ahb"]
[ext_resource type="PackedScene" uid="uid://cj84mtxk102yo" path="res://scenes/storehouse.tscn" id="6_6sh32"]
[ext_resource type="Environment" uid="uid://jrfcngmi4ih2" path="res://resources/environments/main_environment.tres" id="7_ejswk"]
[ext_resource type="Material" uid="uid://bf4ddhn4qow5t" path="res://resources/materials/foil.tres" id="9_conm7"]

[sub_resource type="Gradient" id="Gradient_conm7"]
offsets = PackedFloat32Array(0.41416892, 0.8828338)

[sub_resource type="FastNoiseLite" id="FastNoiseLite_d3jkd"]
seed = 245
frequency = 0.0248

[sub_resource type="NoiseTexture3D" id="NoiseTexture3D_u3awl"]
noise = SubResource("FastNoiseLite_d3jkd")
color_ramp = SubResource("Gradient_conm7")

[sub_resource type="FogMaterial" id="FogMaterial_6sh32"]
density = 0.01
density_texture = SubResource("NoiseTexture3D_u3awl")

[sub_resource type="Gradient" id="Gradient_bbk5w"]
offsets = PackedFloat32Array(0.6648501, 0.907357)

[sub_resource type="FastNoiseLite" id="FastNoiseLite_conm7"]
seed = 10
frequency = 0.0763

[sub_resource type="NoiseTexture3D" id="NoiseTexture3D_d3jkd"]
noise = SubResource("FastNoiseLite_conm7")
color_ramp = SubResource("Gradient_bbk5w")

[sub_resource type="FogMaterial" id="FogMaterial_u3awl"]
density = 0.1066
density_texture = SubResource("NoiseTexture3D_d3jkd")

[sub_resource type="FogMaterial" id="FogMaterial_bbk5w"]
density = 0.1093
density_texture = SubResource("NoiseTexture3D_d3jkd")

[sub_resource type="FogMaterial" id="FogMaterial_conm7"]
density = 0.1066
density_texture = SubResource("NoiseTexture3D_d3jkd")

[sub_resource type="FogMaterial" id="FogMaterial_d3jkd"]
density = -0.8206

[node name="Level 1" type="Node3D"]

[node name="DirectionalLight3D" type="DirectionalLight3D" parent="."]
transform = Transform3D(-0.31232667, -0.49153516, 0.8129239, -0.31512794, 0.8608856, 0.3994626, -0.89618444, -0.1314122, -0.42377397, 0, 0, 0)
light_color = Color(0.9999998, 0.9712381, 0.91382796, 1)
light_volumetric_fog_energy = 0.8
light_bake_mode = 1
shadow_enabled = true
shadow_opacity = 0.7
directional_shadow_blend_splits = true
directional_shadow_max_distance = 150.0

[node name="WorldEnvironment" type="WorldEnvironment" parent="."]
environment = ExtResource("7_ejswk")
camera_attributes = ExtResource("2_bbk5w")

[node name="House" type="CSGCombiner3D" parent="."]
transform = Transform3D(-4.371139e-08, 1, 7.1054274e-15, -1, -4.371139e-08, 1.7484555e-07, 1.7484555e-07, 0, 1, 0.014937639, 2.2369547, 7.8201294e-05)
use_collision = true

[node name="Roof" type="CSGBox3D" parent="House"]
transform = Transform3D(1, 0, 0, 9.3947054e-23, 1, 0, 0, 0, 1, -0.5999999, -2.6226836e-08, 1.04907485e-07)
use_collision = true
size = Vector3(0.1, 6, 6)
material = ExtResource("1_ru4tf")

[node name="Wall2" type="CSGBox3D" parent="House"]
transform = Transform3D(4.3711374e-08, -1, -1.7484555e-07, -1, -4.371139e-08, 8.742278e-08, -8.7422784e-08, 1.7484555e-07, -1, 0.85, -3, -8.877242e-07)
use_collision = true
size = Vector3(0.1, 3, 6)
material = ExtResource("1_ru4tf")

[node name="Wall4" type="CSGBox3D" parent="House"]
transform = Transform3D(1.7484557e-07, -1, 4.371135e-08, -2.1855695e-07, -4.371139e-08, -1, 1, 1.7484555e-07, -2.1855696e-07, 0.8499994, 3.715467e-08, -3.0000005)
use_collision = true
size = Vector3(0.1, 3, 6)
material = ExtResource("1_ru4tf")

[node name="CSGBox3D" type="CSGBox3D" parent="House/Wall4"]
transform = Transform3D(1, 0, 0, 0, 1, -4.1372965e-29, 0, 0, 1, 0, -0.32640862, 0)
operation = 2
size = Vector3(1, 2.244629, 1.2)
material = ExtResource("1_ru4tf")

[node name="Wall3" type="CSGBox3D" parent="House"]
transform = Transform3D(4.3711374e-08, -1, -1.7484555e-07, -1, -4.371139e-08, 8.742278e-08, -8.7422784e-08, 1.7484555e-07, -1, 0.84999967, 3, -4.1088683e-07)
use_collision = true
size = Vector3(0.1, 3, 6)
material = ExtResource("1_ru4tf")

[node name="Wall" type="CSGBox3D" parent="House"]
transform = Transform3D(1.7484555e-07, -1, 4.371138e-08, -4.371139e-08, -4.371139e-08, -1, 1, 1.7484555e-07, -4.3711395e-08, 0.85000014, 3.7154674e-08, 2.9999995)
use_collision = true
size = Vector3(0.1, 3, 6)
material = ExtResource("1_ru4tf")

[node name="Hillside2" type="CSGCombiner3D" parent="."]
use_collision = true

[node name="Ground" type="CSGBox3D" parent="Hillside2"]
transform = Transform3D(1, 0, 0, 0, 1, 0, 0, 0, 1, 0, -0.2528212, 0)
size = Vector3(19.970703, 0.50305176, 16.442383)
material = ExtResource("3_m7ahb")

[node name="Ground" type="CSGBox3D" parent="Hillside2/Ground"]
transform = Transform3D(1, 0, 0, 0, 0.9848077, -0.17364818, 0, 0.17364818, 0.9848077, 0, 1.3922942, -14.550322)
size = Vector3(19.970703, 0.50305176, 16.442383)
material = ExtResource("1_wwpf4")

[node name="Ground2" type="CSGBox3D" parent="Hillside2/Ground/Ground"]
transform = Transform3D(1, 0, 0, 0, 0.9848078, -0.17364818, 0, 0.17364818, 0.9848078, 0, 1.3922949, -14.550323)
size = Vector3(19.970703, 0.50305176, 16.442383)
material = ExtResource("1_wwpf4")

[node name="Ground" type="CSGBox3D" parent="Hillside2/Ground/Ground"]
transform = Transform3D(1, 0, 0, 0, 0.9848077, -0.17364818, 0, 0.17364818, 0.9848077, 0, 1.3922942, -14.550322)
size = Vector3(19.970703, 0.50305176, 16.442383)
material = ExtResource("1_wwpf4")

[node name="Ground2" type="CSGBox3D" parent="Hillside2/Ground"]
transform = Transform3D(0.64278764, 0, 0.76604444, 0, 1, 0, -0.76604444, 0, 0.64278764, 2.9040356, -0.2528212, 0)
size = Vector3(19.970703, 0.50305176, 16.442383)
material = ExtResource("1_wwpf4")

[node name="Ground" type="CSGBox3D" parent="Hillside2/Ground/Ground2"]
transform = Transform3D(1, 0, 0, 0, 0.9848077, -0.17364818, 0, 0.17364818, 0.9848077, 0, 1.3922942, -14.550322)
size = Vector3(19.970703, 0.50305176, 16.442383)
material = ExtResource("1_wwpf4")

[node name="Ground2" type="CSGBox3D" parent="Hillside2/Ground/Ground2/Ground"]
transform = Transform3D(1, 0, 0, 0, 0.9848078, -0.17364818, 0, 0.17364818, 0.9848078, 0, 1.3922949, -14.550323)
size = Vector3(19.970703, 0.50305176, 16.442383)
material = ExtResource("1_wwpf4")

[node name="Ground" type="CSGBox3D" parent="Hillside2/Ground/Ground2/Ground"]
transform = Transform3D(1, 0, 0, 0, 0.9848077, -0.17364818, 0, 0.17364818, 0.9848077, 0, 1.3922942, -14.550322)
size = Vector3(19.970703, 0.50305176, 16.442383)
material = ExtResource("1_wwpf4")

[node name="Ground3" type="CSGBox3D" parent="Hillside2/Ground"]
transform = Transform3D(0.8660254, 0.25, 0.43301266, 0, 0.8660253, -0.5, -0.5, 0.4330127, 0.74999994, -10.355811, 6.4611216, -28.152878)
size = Vector3(19.970703, 0.50305176, 16.442383)
material = ExtResource("1_wwpf4")

[node name="CSGBox3D4" type="CSGBox3D" parent="Hillside2/Ground"]
transform = Transform3D(0.8750256, 0, 0.48407662, 0, 1, 0, -0.48407662, 0, 0.8750256, -17.518446, 5.882578, -30.948015)
size = Vector3(36.678955, 2.2391357, 13.605713)
material = ExtResource("1_wwpf4")

[node name="CSGBox3D3" type="CSGBox3D" parent="Hillside2/Ground"]
transform = Transform3D(0.61925846, 0, 0.78518724, 0, 1, 0, -0.78518724, 0, 0.61925846, -20.97456, 5.414399, -30.73477)
size = Vector3(36.678955, 2.2391357, 13.605713)
material = ExtResource("1_wwpf4")

[node name="CSGBox3D2" type="CSGBox3D" parent="Hillside2/Ground"]
transform = Transform3D(1, 0, 0, 0, 1, 0, 0, 0, 1, -8.294067, 5.7357244, -37.172363)
size = Vector3(36.678955, 2.2391357, 13.605713)
material = ExtResource("1_wwpf4")

[node name="CSGBox3D" type="CSGBox3D" parent="Hillside2/Ground"]
transform = Transform3D(1, 0, 0, 0, 1, 0, 0, 0, 1, 0, 9.126209, 0)
operation = 2
size = Vector3(158.27344, 6.4, 250.6)
material = ExtResource("1_wwpf4")

[node name="CSGBox3D7" type="CSGBox3D" parent="Hillside2/Ground"]
transform = Transform3D(7.4505806e-08, 0, 1, 0, 1, 0, -1, 0, 7.4505806e-08, 2.4555397, 0, 12.497274)
operation = 2
size = Vector3(8.703003, 19.957031, 58.0791)
material = ExtResource("1_wwpf4")

[node name="CSGBox3D6" type="CSGBox3D" parent="Hillside2/Ground"]
transform = Transform3D(0.64278764, 0, 0.76604444, 0, 1, 0, -0.76604444, 0, 0.64278764, -17.533182, 0, 1.5063438)
operation = 2
size = Vector3(8.703003, 19.957031, 58.0791)
material = ExtResource("1_wwpf4")

[node name="CSGBox3D5" type="CSGBox3D" parent="Hillside2/Ground"]
transform = Transform3D(1, 0, 0, 0, 1, 0, 0, 0, 1, 14.293419, 0, -18.781387)
operation = 2
size = Vector3(8.703003, 19.957031, 58.0791)
material = ExtResource("1_wwpf4")

[node name="Rocks2" type="CSGCombiner3D" parent="."]
use_collision = true

[node name="CSGBox3D5" type="CSGBox3D" parent="Rocks2"]
transform = Transform3D(-0.86602616, 0, 0.49999958, 0, 1, 0, -0.49999958, 0, -0.86602616, -26.239275, 4.854832, -11.169058)
size = Vector3(7.5, 4.1, 4.4)
material = ExtResource("3_dwgg1")

[node name="CSGBox3D7" type="CSGBox3D" parent="Rocks2"]
transform = Transform3D(-0.9396927, 0, -0.34202093, 0, 1, 0, 0.34202093, 0, -0.9396927, -20.559467, 1.51493, 1.3267622)
size = Vector3(7.5, 4.1, 4.4)
material = ExtResource("3_dwgg1")

[node name="CSGBox3D8" type="CSGBox3D" parent="Rocks2"]
transform = Transform3D(-0.98480785, 0, -0.17365065, 0, 1, 0, 0.17365065, 0, -0.98480785, -14.818796, 0.22702885, 13.527582)
size = Vector3(7.5, 4.1, 4.4)
material = ExtResource("3_dwgg1")

[node name="CSGBox3D6" type="CSGBox3D" parent="Rocks2"]
transform = Transform3D(-0.5000013, 0, 0.86602515, 0, 1, 0, -0.86602515, 0, -0.5000013, -20.697561, 0.9920492, 10.021422)
size = Vector3(7.5, 4.1, 4.4)
material = ExtResource("3_dwgg1")

[node name="CSGBox3D4" type="CSGBox3D" parent="Rocks2"]
transform = Transform3D(0.17364854, 0, -0.98480797, 0, 1, 0, 0.98480797, 0, 0.17364854, -19.28389, 4.1971893, -2.1050143)
size = Vector3(7.5, 4.1, 4.4)
material = ExtResource("3_dwgg1")

[node name="CSGBox3D3" type="CSGBox3D" parent="Rocks2"]
transform = Transform3D(0.5000002, 0, -0.86602545, 0, 1, 0, 0.86602545, 0, 0.5000002, -23.604097, 3.1478922, -7.4715023)
size = Vector3(7.5, 4.1, 4.4)
material = ExtResource("3_dwgg1")

[node name="CSGBox3D2" type="CSGBox3D" parent="Rocks2"]
transform = Transform3D(0.7660445, 0, -0.64278764, 0, 1, 0, 0.64278764, 0, 0.7660445, -18.990147, 2.0985951, -5.11384)
size = Vector3(7.5, 4.1, 4.4)
material = ExtResource("3_dwgg1")

[node name="CSGBox3D" type="CSGBox3D" parent="Rocks2"]
transform = Transform3D(0.9396926, 0, -0.34202012, 0, 1, 0, 0.34202012, 0, 0.9396926, -13.707705, 1.049298, 0.44191736)
size = Vector3(7.5, 4.1, 4.4)
material = ExtResource("3_dwgg1")

[node name="Roads" type="CSGCombiner3D" parent="."]
use_collision = true

[node name="CSGBox3D4" type="CSGBox3D" parent="Roads"]
transform = Transform3D(-0.99999964, 0, 4.629281e-07, 0, 1, 0, -4.629281e-07, 0, -0.99999964, 184.8767, 16.539406, 91.04801)
size = Vector3(31.80371, 2.4204102, 18.300001)
material = ExtResource("1_g2h75")

[node name="CSGBox3D3" type="CSGBox3D" parent="Roads"]
transform = Transform3D(-1, 0, -7.351371e-08, 0, 1, 0, 7.351371e-08, 0, -1, 193.9863, 16.561893, 103.31306)
size = Vector3(52.673584, 2.4819336, 6.7000003)
material = ExtResource("1_g2h75")

[node name="CSGBox3D8" type="CSGBox3D" parent="Roads"]
transform = Transform3D(0.34201992, 0, -0.93969214, 0, 1, 0, 0.93969214, 0, 0.34201992, 87.78231, -0.7606934, 58.25869)
size = Vector3(22, 1.4213867, 6.7000003)
material = ExtResource("1_g2h75")

[node name="CSGBox3D12" type="CSGBox3D" parent="Roads"]
transform = Transform3D(0.32139358, -0.11697776, -0.93969214, 0.34201995, 0.9396926, 0, 0.8830218, -0.3213938, 0.34201992, 94.74286, 2.8788211, 77.433426)
size = Vector3(22.592285, 1.590332, 6.7000003)
material = ExtResource("1_g2h75")

[node name="CSGBox3D16" type="CSGBox3D" parent="Roads"]
transform = Transform3D(0.34015313, -0.035685517, -0.9396921, 0.10433747, 0.99454194, 7.450581e-09, 0.9345633, -0.09804517, 0.34201992, 90.86047, -0.16527534, 66.766655)
size = Vector3(22.592285, 1.590332, 6.7000003)
material = ExtResource("1_g2h75")

[node name="CSGBox3D13" type="CSGBox3D" parent="Roads"]
transform = Transform3D(0.33682385, -0.05939116, -0.93969214, 0.17364806, 0.9848077, 0, 0.9254161, -0.1631759, 0.34201995, 102.02472, 8.74489, 97.44016)
size = Vector3(22, 1.3193359, 6.7000003)
material = ExtResource("1_g2h75")

[node name="CSGBox3D14" type="CSGBox3D" parent="Roads"]
transform = Transform3D(0.7660439, 1.1292286e-08, -0.6427872, -1.5265137e-08, 0.9999999, -9.6711865e-09, 0.6427872, 1.4901161e-08, 0.766044, 112.524864, 10.632868, 112.657104)
size = Vector3(22, 1.3833008, 6.7000003)
material = ExtResource("1_g2h75")

[node name="CSGBox3D18" type="CSGBox3D" parent="Roads"]
transform = Transform3D(0.95691943, 1.1292285e-08, -0.2903513, -1.21688535e-08, 0.9999999, -1.6495262e-08, 0.29035133, 1.4901161e-08, 0.95691955, 127.91882, 10.632868, 121.356865)
size = Vector3(22, 1.3833008, 6.7000003)
material = ExtResource("1_g2h75")

[node name="CSGBox3D19" type="CSGBox3D" parent="Roads"]
transform = Transform3D(0.9996095, 1.1292286e-08, -0.027921617, -8.740415e-09, 0.9999999, -2.0094825e-08, 0.027921677, 1.4901161e-08, 0.9996096, 148.28032, 10.632868, 124.59553)
size = Vector3(22, 1.3833008, 6.7000003)
material = ExtResource("1_g2h75")

[node name="CSGBox3D20" type="CSGBox3D" parent="Roads"]
transform = Transform3D(0.97042906, -0.2397708, -0.027857713, 0.2398122, 0.9708171, -0.0018879349, 0.027497485, -0.0048485263, 0.9996095, 169.51295, 13.271957, 125.31953)
size = Vector3(32.470306, 1.3833008, 6.7000003)
material = ExtResource("1_g2h75")

[node name="CSGBox3D21" type="CSGBox3D" parent="Roads"]
transform = Transform3D(0.99960935, -4.681624e-10, -0.027921617, -2.0081643e-09, 0.9999998, -2.0023435e-08, 0.027921675, 1.44355e-08, 0.9996096, 204.80106, 17.122698, 126.1743)
size = Vector3(39.424774, 1.3833008, 6.7000003)
material = ExtResource("1_g2h75")

[node name="CSGBox3D30" type="CSGBox3D" parent="Roads"]
transform = Transform3D(-0.02792172, -1.44355e-08, -0.9996096, -2.008164e-09, 0.99999976, -2.0023434e-08, 0.99960935, -4.6816306e-10, -0.02792166, 206.90465, 17.122698, 151.00568)
size = Vector3(44.7, 1.3833008, 6.7000003)
material = ExtResource("1_g2h75")

[node name="CSGBox3D31" type="CSGBox3D" parent="Roads"]
transform = Transform3D(-0.02792172, -1.44355e-08, -0.9996096, -2.008164e-09, 0.99999976, -2.0023434e-08, 0.99960935, -4.6816306e-10, -0.02792166, 205.66263, 17.122698, 195.47063)
size = Vector3(44.7, 1.3833008, 6.7000003)
material = ExtResource("1_g2h75")

[node name="CSGBox3D34" type="CSGBox3D" parent="Roads"]
transform = Transform3D(-0.02792172, -1.44355e-08, -0.9996096, -2.008164e-09, 0.99999976, -2.0023434e-08, 0.99960935, -4.6816306e-10, -0.02792166, 206.53983, 17.122698, 164.06671)
size = Vector3(10.2, 1.3833008, 24.7)
material = ExtResource("1_g2h75")

[node name="CSGBox3D32" type="CSGBox3D" parent="Roads"]
transform = Transform3D(-0.02792172, -1.44355e-08, -0.9996096, -2.008164e-09, 0.99999976, -2.0023434e-08, 0.99960935, -4.6816306e-10, -0.02792166, 204.43231, 17.122698, 239.51648)
size = Vector3(44.7, 1.3833008, 6.7000003)
material = ExtResource("1_g2h75")

[node name="CSGBox3D33" type="CSGBox3D" parent="Roads"]
transform = Transform3D(0.7477974, -1.44355e-08, -0.66392595, 9.032578e-09, 0.99999976, -1.4814507e-08, 0.6639258, -4.6816273e-10, 0.74779767, 248.00018, 17.122698, 299.4912)
size = Vector3(121.181175, 1.3833008, 6.7000003)
material = ExtResource("1_g2h75")

[node name="CSGBox3D22" type="CSGBox3D" parent="Roads"]
transform = Transform3D(0.8710418, -4.681624e-10, 0.49120766, 5.425535e-09, 0.9999998, -1.792446e-08, -0.49120742, 1.44355e-08, 0.87104195, 228.103, 17.122698, 124.286125)
size = Vector3(12.133926, 1.3833008, 6.7000003)
material = ExtResource("1_g2h75")

[node name="CSGBox3D23" type="CSGBox3D" parent="Roads"]
transform = Transform3D(0.18360814, -4.681624e-10, 0.9829991, 1.22029595e-08, 0.9999998, -7.770769e-09, -0.9829987, 1.44355e-08, 0.18360808, 232.6758, 17.122698, 118.308044)
size = Vector3(10.886017, 1.3833008, 6.7000003)
material = ExtResource("1_g2h75")

[node name="CSGBox3D24" type="CSGBox3D" parent="Roads"]
transform = Transform3D(-0.49120736, -4.681624e-10, 0.871042, 1.0270881e-08, 0.9999998, 1.9181212e-09, -0.8710417, 1.44355e-08, -0.49120766, 231.33015, 17.122698, 110.5228)
size = Vector3(10.886017, 1.3833008, 6.7000003)
material = ExtResource("1_g2h75")

[node name="CSGBox3D25" type="CSGBox3D" parent="Roads"]
transform = Transform3D(-0.9361814, -4.681624e-10, 0.3515147, 2.562927e-09, 0.9999998, 8.098324e-09, -0.35151467, 1.44355e-08, -0.9361819, 224.7774, 17.122698, 105.22722)
size = Vector3(12.086922, 1.3833008, 6.7000003)
material = ExtResource("1_g2h75")

[node name="CSGBox3D15" type="CSGBox3D" parent="Roads"]
transform = Transform3D(0.33682385, -0.05939116, -0.93969214, 0.17364806, 0.9848077, 0, 0.9254161, -0.1631759, 0.34201995, 102.10591, 10.081249, 96.40345)
operation = 2
size = Vector3(27.6, 1.9158936, 10.722241)
material = ExtResource("1_g2h75")

[node name="CSGBox3D17" type="CSGBox3D" parent="Roads"]
transform = Transform3D(0.3277688, -0.09769972, -0.9396922, 0.28565472, 0.95833254, 0, 0.90053755, -0.2684278, 0.34201992, 98.07766, 7.484256, 85.33591)
operation = 2
size = Vector3(27.6, 1.9158936, 10.722241)
material = ExtResource("1_g2h75")

[node name="CSGBox3D7" type="CSGBox3D" parent="Roads"]
transform = Transform3D(0.99999976, 0, -2.9802322e-08, 0, 1, 0, 2.9802322e-08, 0, 0.99999976, 76.341156, -0.86445314, 49.979347)
size = Vector3(22, 1.6289063, 6.7000003)
material = ExtResource("1_g2h75")

[node name="CSGBox3D9" type="CSGBox3D" parent="Roads"]
transform = Transform3D(-0.49240398, -0.08682419, -0.86602503, -0.17364809, 0.98480767, -2.9802322e-08, 0.85286814, 0.15038374, -0.50000006, 50.130325, -2.9218311, 56.957325)
size = Vector3(22, 1.9541016, 6.7000003)
material = ExtResource("1_g2h75")

[node name="CSGBox3D10" type="CSGBox3D" parent="Roads"]
transform = Transform3D(-0.49240398, -0.08682419, -0.86602503, -0.17364809, 0.98480767, -2.9802322e-08, 0.85286814, 0.15038374, -0.50000006, 42.92798, -5.4617653, 69.432144)
size = Vector3(7.3881836, 1.9541016, 6.7000003)
material = ExtResource("1_g2h75")

[node name="CSGBox3D26" type="CSGBox3D" parent="Roads"]
transform = Transform3D(-0.86602527, -6.426126e-08, -0.4999996, 2.2643697e-08, 0.9999999, 1.753212e-08, 0.49999952, 4.4703484e-08, -0.86602527, 32.974754, -5.809443, 76.89366)
size = Vector3(25.0542, 1.9541016, 6.7000003)
material = ExtResource("1_g2h75")

[node name="CSGBox3D28" type="CSGBox3D" parent="Roads"]
transform = Transform3D(-0.99999964, -6.426126e-08, 2.682209e-07, 3.6386076e-08, 0.9999999, 5.5651867e-08, -3.5762787e-07, 4.4703484e-08, -0.9999997, 12.948759, -5.809442, 83.07003)
size = Vector3(25.0542, 1.9541016, 6.7000003)
material = ExtResource("1_g2h75")

[node name="CSGBox3D29" type="CSGBox3D" parent="Roads"]
transform = Transform3D(-0.96784526, -6.4261265e-08, -0.25154543, 2.7207394e-08, 0.9999999, 3.804981e-08, 0.2515453, 4.4703484e-08, -0.96784526, 23.332973, -6.0648446, 87.046715)
operation = 2
size = Vector3(9.613098, 5.9544067, 2.96438)
material = ExtResource("1_g2h75")

[node name="CSGBox3D27" type="CSGBox3D" parent="Roads"]
transform = Transform3D(-0.65674675, -0.086824186, -0.7490959, -0.17008919, 0.98480767, 0.034976166, 0.7346787, 0.15038373, -0.66153705, 44.86825, -6.2109833, 73.9065)
operation = 2
size = Vector3(8.5251465, 4.1643677, 1.9065187)
material = ExtResource("1_g2h75")

[node name="CSGBox3D6" type="CSGBox3D" parent="Roads"]
transform = Transform3D(-0.8660253, 0, 0.49999997, 0, 1, 0, -0.49999997, 0, -0.8660253, 57.49389, -1.2196777, 45.02227)
size = Vector3(22, 2.3393555, 6.7000003)
material = ExtResource("1_g2h75")

[node name="CSGBox3D5" type="CSGBox3D" parent="Roads"]
transform = Transform3D(0.5, 0, -0.8660254, 0, 1, 0, 0.8660254, 0, 0.5, 43.825, -0.99384767, 31.192)
size = Vector3(22, 1.8876953, 6.7000003)
material = ExtResource("1_g2h75")

[node name="CSGBox3D2" type="CSGBox3D" parent="Roads"]
transform = Transform3D(0.8660254, 0, -0.5, 0, 1, 0, 0.5, 0, 0.8660254, 30.2, -1.0128906, 17.199999)
size = Vector3(22, 1.9257813, 6.7000003)
material = ExtResource("1_g2h75")

[node name="CSGBox3D" type="CSGBox3D" parent="Roads"]
transform = Transform3D(1, 0, 0, 0, 1, 0, 0, 0, 1, 9.8, -1.3742187, 11.4)
size = Vector3(25.2, 2.6484375, 6.7000003)
material = ExtResource("1_g2h75")

[node name="CSGBox3D11" type="CSGBox3D" parent="Roads"]
transform = Transform3D(1, 0, 0, 0, 1, 0, 0, 0, 1, -15.24827, -6.218295, 83.285805)
size = Vector3(54.5, 2.8125, 35)
material = ExtResource("1_g2h75")

[node name="Rocks" type="CSGCombiner3D" parent="."]
use_collision = true

[node name="CSGBox3D16" type="CSGBox3D" parent="Rocks"]
transform = Transform3D(0.8855477, 0, 0.4645484, 0, 1, 0, -0.4645484, 0, 0.8855477, 7.6391726, -3.6395483, 44.30221)
size = Vector3(4.357666, 3.7021484, 3.5854492)
material = ExtResource("3_dwgg1")

[node name="CSGBox3D50" type="CSGBox3D" parent="Rocks"]
transform = Transform3D(0.8855477, 0, 0.4645484, 0, 1, 0, -0.4645484, 0, 0.8855477, 16.295288, -5.9556046, 58.70129)
size = Vector3(2.4951172, 3.7021484, 3.5854492)
material = ExtResource("3_dwgg1")

[node name="CSGBox3D51" type="CSGBox3D" parent="Rocks"]
transform = Transform3D(0.9163698, 0, -0.4003331, 0, 1, 0, 0.4003331, 0, 0.9163698, 15.694321, -5.338775, 55.876648)
size = Vector3(2.4951172, 3.7021484, 3.5854492)
material = ExtResource("3_dwgg1")

[node name="CSGBox3D54" type="CSGBox3D" parent="Rocks"]
transform = Transform3D(0.19132283, 0, -0.9815272, 0, 1, 0, 0.9815272, 0, 0.19132283, 15.407695, -5.8564386, 53.2334)
size = Vector3(3.2739258, 3.7021484, 3.5854492)
material = ExtResource("3_dwgg1")

[node name="CSGBox3D55" type="CSGBox3D" parent="Rocks"]
transform = Transform3D(0.19132283, 0, -0.9815272, 0, 1, 0, 0.9815272, 0, 0.19132283, 17.700369, -5.2194133, 52.20073)
size = Vector3(1.8640137, 3.7021484, 1.8322754)
material = ExtResource("3_dwgg1")

[node name="CSGBox3D56" type="CSGBox3D" parent="Rocks"]
transform = Transform3D(-0.63518906, 0, -0.77235675, 0, 1, 0, 0.77235675, 0, -0.63518906, 21.58096, -5.2194138, 52.17154)
size = Vector3(1.8640137, 3.7021484, 1.8322754)
material = ExtResource("3_dwgg1")

[node name="CSGBox3D58" type="CSGBox3D" parent="Rocks"]
transform = Transform3D(-0.63518906, 0, -0.77235675, 0, 1, 0, 0.77235675, 0, -0.63518906, 21.891958, -4.6487665, 53.75464)
size = Vector3(1.8640137, 3.7021484, 1.8322754)
material = ExtResource("3_dwgg1")

[node name="CSGBox3D57" type="CSGBox3D" parent="Rocks"]
transform = Transform3D(0.48369476, 0, -0.87523675, 0, 1, 0, 0.87523675, 0, 0.48369476, 22.839415, -5.9123883, 52.594273)
size = Vector3(1.8640137, 3.7021484, 1.8322754)
material = ExtResource("3_dwgg1")

[node name="CSGBox3D19" type="CSGBox3D" parent="Rocks"]
transform = Transform3D(0.89782023, 0, -0.44036236, 0, 1, 0, 0.44036236, 0, 0.89782023, 11.373212, -4.4964, 44.45842)
size = Vector3(4.357666, 3.7021484, 4.0855713)
material = ExtResource("3_dwgg1")

[node name="CSGBox3D22" type="CSGBox3D" parent="Rocks"]
transform = Transform3D(0.3726315, 0, -0.92797947, 0, 1, 0, 0.92797947, 0, 0.3726315, 13.230923, -5.1414194, 46.99669)
size = Vector3(2.8642578, 2.4121094, 2.1672974)
material = ExtResource("3_dwgg1")

[node name="CSGBox3D20" type="CSGBox3D" parent="Rocks"]
transform = Transform3D(0.15333077, 0, -0.9881749, 0, 1, 0, 0.9881749, 0, 0.15333077, 13.271357, -1.7527406, 43.008816)
size = Vector3(5.4327393, 3.7021484, 4.0855713)
material = ExtResource("3_dwgg1")

[node name="CSGBox3D21" type="CSGBox3D" parent="Rocks"]
transform = Transform3D(-0.14680819, 0, -0.989165, 0, 1, 0, 0.989165, 0, -0.14680819, 14.915063, 0.07081008, 40.811077)
size = Vector3(5.8565063, 3.2226563, 4.181549)
material = ExtResource("3_dwgg1")

[node name="CSGBox3D25" type="CSGBox3D" parent="Rocks"]
transform = Transform3D(-0.5358561, 0, 0.8443092, 0, 1, 0, -0.8443092, 0, -0.5358561, 17.339823, -0.37676072, 39.7571)
size = Vector3(3.9961243, 2.5878906, 2.6669464)
material = ExtResource("3_dwgg1")

[node name="CSGBox3D26" type="CSGBox3D" parent="Rocks"]
transform = Transform3D(0.36430803, 0, 0.9312784, 0, 1, 0, -0.9312784, 0, 0.36430803, 19.659134, -0.061012268, 41.48358)
size = Vector3(3.9961243, 2.5878906, 2.6669464)
material = ExtResource("3_dwgg1")

[node name="CSGBox3D27" type="CSGBox3D" parent="Rocks"]
transform = Transform3D(0.94997764, 0, 0.31231827, 0, 1, 0, -0.31231827, 0, 0.94997764, 19.93359, -0.7246728, 44.03254)
size = Vector3(3.9961243, 2.5878906, 2.6669464)
material = ExtResource("3_dwgg1")

[node name="CSGBox3D34" type="CSGBox3D" parent="Rocks"]
transform = Transform3D(0.7530124, 0, -0.6580065, 0, 1, 0, 0.6580065, 0, 0.7530124, 17.790525, -2.7724066, 44.368427)
size = Vector3(3.9961243, 2.5878906, 2.6669464)
material = ExtResource("3_dwgg1")

[node name="CSGBox3D28" type="CSGBox3D" parent="Rocks"]
transform = Transform3D(0.7000872, 0, -0.71405756, 0, 1, 0, 0.71405756, 0, 0.7000872, 22.68393, -1.8488164, 44.492992)
size = Vector3(3.9961243, 2.9492188, 2.6669464)
material = ExtResource("3_dwgg1")

[node name="CSGBox3D38" type="CSGBox3D" parent="Rocks"]
transform = Transform3D(0.50671095, 0, -0.86211616, 0, 1, 0, 0.86211616, 0, 0.50671095, 23.173843, -4.225571, 45.26035)
size = Vector3(3.9961243, 4.222168, 2.6669464)
material = ExtResource("3_dwgg1")

[node name="CSGBox3D29" type="CSGBox3D" parent="Rocks"]
transform = Transform3D(0.9997637, 0, -0.021745116, 0, 1, 0, 0.021745116, 0, 0.9997637, 21.523092, -0.4050498, 43.102562)
size = Vector3(3.2733307, 2.5878906, 4.0540543)
material = ExtResource("3_dwgg1")

[node name="CSGBox3D30" type="CSGBox3D" parent="Rocks"]
transform = Transform3D(0.83432883, 0, -0.5512674, 0, 1, 0, 0.5512674, 0, 0.83432883, 16.695969, -0.94193435, 43.1608)
size = Vector3(3.2733307, 2.5878906, 4.0540543)
material = ExtResource("3_dwgg1")

[node name="CSGBox3D31" type="CSGBox3D" parent="Rocks"]
transform = Transform3D(-0.3846176, 0, -0.9230762, 0, 1, 0, 0.9230762, 0, -0.3846176, 14.950988, -4.0461235, 45.30768)
size = Vector3(3.2733307, 4.5321045, 4.0540543)
material = ExtResource("3_dwgg1")

[node name="CSGBox3D32" type="CSGBox3D" parent="Rocks"]
transform = Transform3D(-0.8414638, 0, -0.5403139, 0, 1, 0, 0.5403139, 0, -0.8414638, 17.722778, -5.5088563, 44.968212)
size = Vector3(3.2733307, 4.5321045, 4.0540543)
material = ExtResource("3_dwgg1")

[node name="CSGBox3D33" type="CSGBox3D" parent="Rocks"]
transform = Transform3D(-0.8414638, 0, -0.5403139, 0, 1, 0, 0.5403139, 0, -0.8414638, 20.52878, -4.272744, 45.030804)
size = Vector3(3.2733307, 6.8861694, 4.0540543)
material = ExtResource("3_dwgg1")

[node name="CSGBox3D35" type="CSGBox3D" parent="Rocks"]
transform = Transform3D(-0.08498213, 0, -0.9963827, 0, 1, 0, 0.9963827, 0, -0.08498213, 25.713774, -4.2727447, 44.941704)
size = Vector3(3.2733307, 6.8861694, 4.0540543)
material = ExtResource("3_dwgg1")

[node name="CSGBox3D36" type="CSGBox3D" parent="Rocks"]
transform = Transform3D(-0.86243427, 0, -0.50616944, 0, 1, 0, 0.50616944, 0, -0.86243427, 28.75699, -4.9864798, 46.371475)
size = Vector3(3.2733307, 6.8861694, 4.0540543)
material = ExtResource("3_dwgg1")

[node name="CSGBox3D37" type="CSGBox3D" parent="Rocks"]
transform = Transform3D(-0.9086032, 0, 0.4176609, 0, 1, 0, -0.4176609, 0, -0.9086032, 31.458138, -3.554769, 45.292664)
size = Vector3(3.2733307, 9.932831, 4.0540543)
material = ExtResource("3_dwgg1")

[node name="CSGBox3D39" type="CSGBox3D" parent="Rocks"]
transform = Transform3D(-0.13536993, 0, 0.9907954, 0, 1, 0, -0.9907954, 0, -0.13536993, 28.872171, -0.5991552, 44.819035)
size = Vector3(1.6737747, 3.5632, 4.5519295)
material = ExtResource("3_dwgg1")

[node name="CSGBox3D40" type="CSGBox3D" parent="Rocks"]
transform = Transform3D(0.66998625, 0, 0.7423739, 0, 1, 0, -0.7423739, 0, 0.66998625, 23.59328, -0.6090636, 43.766506)
size = Vector3(1.6737747, 3.729704, 2.3291874)
material = ExtResource("3_dwgg1")

[node name="CSGBox3D41" type="CSGBox3D" parent="Rocks"]
transform = Transform3D(0.9619471, 0, -0.2732373, 0, 1, 0, 0.2732373, 0, 0.9619471, 25.754383, -0.5379236, 44.05864)
size = Vector3(2.4903297, 2.940853, 2.3291874)
material = ExtResource("3_dwgg1")

[node name="CSGBox3D23" type="CSGBox3D" parent="Rocks"]
transform = Transform3D(-0.8841654, 0, -0.46717376, 0, 1, 0, 0.46717376, 0, -0.8841654, 14.854689, 0.39958596, 36.50749)
size = Vector3(5.8565063, 3.2226563, 4.181549)
material = ExtResource("3_dwgg1")

[node name="CSGBox3D17" type="CSGBox3D" parent="Rocks"]
transform = Transform3D(0.17149928, 0, 0.9851843, 0, 1, 0, -0.9851843, 0, 0.17149928, 10.964455, -2.3840442, 41.219807)
size = Vector3(4.357666, 3.7021484, 3.5854492)
material = ExtResource("3_dwgg1")

[node name="CSGBox3D18" type="CSGBox3D" parent="Rocks"]
transform = Transform3D(0.69036496, 0, 0.7234614, 0, 1, 0, -0.7234614, 0, 0.69036496, 13.082036, -1.0185752, 38.917236)
size = Vector3(4.357666, 3.7021484, 3.5854492)
material = ExtResource("3_dwgg1")

[node name="CSGBox3D42" type="CSGBox3D" parent="Rocks"]
transform = Transform3D(0.69036496, 0, 0.7234614, 0, 1, 0, -0.7234614, 0, 0.69036496, -13.082644, -4.004537, 52.04927)
size = Vector3(4.357666, 3.7454834, 3.5854492)
material = ExtResource("3_dwgg1")

[node name="CSGBox3D43" type="CSGBox3D" parent="Rocks"]
transform = Transform3D(0.8622574, 0, -0.5064703, 0, 1, 0, 0.5064703, 0, 0.8622574, -10.013655, -4.8870935, 51.840675)
size = Vector3(3.4439697, 2.9407043, 3.5854492)
material = ExtResource("3_dwgg1")

[node name="CSGBox3D52" type="CSGBox3D" parent="Rocks"]
transform = Transform3D(0.97052336, 0, 0.2410073, 0, 1, 0, -0.2410073, 0, 0.97052336, -12.187457, -4.423917, 54.096493)
size = Vector3(3.4439697, 2.9407043, 3.5854492)
material = ExtResource("3_dwgg1")

[node name="CSGBox3D53" type="CSGBox3D" parent="Rocks"]
transform = Transform3D(0.4346968, 0, 0.9005768, 0, 1, 0, -0.9005768, 0, 0.4346968, -10.102558, -5.20103, 54.741943)
size = Vector3(3.4439697, 2.9407043, 3.6408691)
material = ExtResource("3_dwgg1")

[node name="CSGBox3D47" type="CSGBox3D" parent="Rocks"]
transform = Transform3D(0.99899274, 0.0010713718, 0.044859596, -0.0013015566, 0.9999861, 0.0051025185, -0.044853505, -0.0051557645, 0.9989803, -9.560353, -4.5824056, 50.242016)
size = Vector3(2.364563, 3.5514832, 3.5854492)
material = ExtResource("3_dwgg1")

[node name="CSGBox3D48" type="CSGBox3D" parent="Rocks"]
transform = Transform3D(0.4976214, 0.0050735762, -0.86737967, -0.0013015567, 0.99998623, 0.005102519, 0.8673934, -0.0014101703, 0.49762106, -10.251845, -4.3607874, 49.38975)
size = Vector3(2.364563, 3.9864197, 5.21344)
material = ExtResource("3_dwgg1")

[node name="CSGBox3D49" type="CSGBox3D" parent="Rocks"]
transform = Transform3D(-0.39606157, 0.004169764, -0.91821456, -0.0013015565, 0.99998623, 0.005102519, 0.918223, 0.0032160275, -0.39605072, -8.850246, -5.221577, 47.660267)
size = Vector3(2.364563, 3.9864197, 2.0588684)
material = ExtResource("3_dwgg1")

[node name="CSGBox3D44" type="CSGBox3D" parent="Rocks"]
transform = Transform3D(0.69036496, 0, 0.7234614, 0, 1, 0, -0.7234614, 0, 0.69036496, -10.220771, -0.76161003, 29.11394)
size = Vector3(4.357666, 3.7454834, 3.5854492)
material = ExtResource("3_dwgg1")

[node name="CSGBox3D45" type="CSGBox3D" parent="Rocks"]
transform = Transform3D(0.961454, 0, -0.2749662, 0, 1, 0, 0.2749662, 0, 0.961454, -6.2178125, -1.3947651, 29.425188)
size = Vector3(4.357666, 3.7454834, 3.5854492)
material = ExtResource("3_dwgg1")

[node name="CSGBox3D46" type="CSGBox3D" parent="Rocks"]
transform = Transform3D(0.9266468, 0, 0.37593317, 0, 1, 0, -0.37593317, 0, 0.9266468, -3.5556135, -2.2964666, 28.83143)
size = Vector3(4.4156265, 4.1725464, 3.9238892)
material = ExtResource("3_dwgg1")

[node name="CSGBox3D24" type="CSGBox3D" parent="Rocks"]
transform = Transform3D(0.95775735, 0, -0.28757787, 0, 1, 0, 0.28757787, 0, 0.95775735, 13.037601, -1.5591142, 37.02168)
size = Vector3(4.357666, 4.331421, 3.5854492)
material = ExtResource("3_dwgg1")

[node name="Hillside" type="CSGCombiner3D" parent="."]
use_collision = true

[node name="CSGBox3D3" type="CSGBox3D" parent="Hillside"]
transform = Transform3D(0.7244041, -0.47851208, -0.4962522, 0.38696873, 0.87799954, -0.28173503, 0.57052183, 0.012055625, 0.82119465, 8.563742, -3.1638246, 36.42356)
size = Vector3(9.151245, 0.36523438, 15.3203125)
material = ExtResource("1_wwpf4")

[node name="CSGBox3D16" type="CSGBox3D" parent="Hillside"]
transform = Transform3D(-0.95108074, -0.024488043, -0.30797192, -0.02707727, 0.9996258, 0.0041364357, 0.3077554, 0.012273714, -0.9513872, 20.84575, 0.053453777, 35.188602)
size = Vector3(10.340271, 0.36523438, 31.7323)
material = ExtResource("1_wwpf4")

[node name="CSGBox3D23" type="CSGBox3D" parent="Hillside"]
transform = Transform3D(-0.69794476, -0.021868141, 0.7158188, -0.02707727, 0.99962586, 0.0041364357, -0.7156402, -0.016495224, -0.69827485, 11.527387, 0.085132524, 21.681623)
size = Vector3(7.4717865, 0.36523438, 6.087509)
material = ExtResource("1_wwpf4")

[node name="CSGBox3D17" type="CSGBox3D" parent="Hillside"]
transform = Transform3D(-0.95108074, -0.024488043, -0.30797192, -0.02707727, 0.9996258, 0.0041364357, 0.3077554, 0.012273714, -0.9513872, 25.079155, -1.7730616, 36.42248)
size = Vector3(18.033417, 3.831787, 26.768066)
material = ExtResource("1_wwpf4")

[node name="CSGBox3D7" type="CSGBox3D" parent="Hillside"]
transform = Transform3D(0.7471874, -0.51027703, 0.42582747, 0.5317697, 0.8433359, 0.07750261, -0.39866275, 0.16853282, 0.901478, 11.557274, -1.2575482, 30.183529)
size = Vector3(9.151245, 0.36523438, 15.3203125)
material = ExtResource("1_wwpf4")

[node name="CSGBox3D6" type="CSGBox3D" parent="Hillside"]
transform = Transform3D(0.9750162, 0.061042536, -0.2135824, -0.14426932, 0.90513027, -0.39990792, 0.16890855, 0.4207299, 0.8913221, 2.8445, -2.8539665, 27.724089)
size = Vector3(9.151245, 0.36523438, 15.3203125)
material = ExtResource("1_wwpf4")

[node name="CSGBox3D36" type="CSGBox3D" parent="Hillside"]
transform = Transform3D(0.9750162, 0.061042536, -0.2135824, -0.14426932, 0.90513027, -0.39990792, 0.16890855, 0.4207299, 0.8913221, -4.089267, -2.4092782, 27.800188)
size = Vector3(10.052307, 0.36523438, 15.3203125)
material = ExtResource("1_wwpf4")

[node name="CSGBox3D44" type="CSGBox3D" parent="Hillside/CSGBox3D36"]
transform = Transform3D(0.99316865, 0.1166881, -1.4901161e-08, -0.11668809, 0.9931687, -2.9802322e-08, 1.132179e-08, 6.113984e-08, 1.0000001, 3.692085, 0.4365251, 5.3832117e-08)
operation = 2
size = Vector3(10.052307, 0.36523438, 15.3203125)
material = ExtResource("1_wwpf4")

[node name="CSGBox3D5" type="CSGBox3D" parent="Hillside"]
transform = Transform3D(0.91067034, -0.2825754, -0.30138126, 0.16509883, 0.9176365, -0.36150494, 0.37871087, 0.27945402, 0.8823167, 7.67432, -2.191156, 29.122223)
size = Vector3(9.151245, 0.36523438, 15.3203125)
material = ExtResource("1_wwpf4")

[node name="CSGBox3D2" type="CSGBox3D" parent="Hillside"]
transform = Transform3D(0.9772484, -0.1311609, -0.16668065, 0.10124044, 0.9790226, -0.1768196, 0.18637596, 0.15592179, 0.9700268, 5.0956883, -3.9187913, 35.165596)
size = Vector3(9.151245, 0.36523438, 15.3203125)
material = ExtResource("1_wwpf4")

[node name="CSGBox3D14" type="CSGBox3D" parent="Hillside"]
transform = Transform3D(0.9772484, -0.11765741, -0.17647198, 0.101240434, 0.9898899, -0.09934038, 0.18637595, 0.07921404, 0.97927976, -0.4788375, -5.3822927, 43.168606)
size = Vector3(17.359833, 0.36523438, 17.061035)
material = ExtResource("1_wwpf4")

[node name="CSGBox3D15" type="CSGBox3D" parent="Hillside"]
transform = Transform3D(0.99941593, -0.0032167975, 0.03401506, 9.9312514e-05, 0.9958279, 0.09125688, -0.034166735, -0.09120036, 0.9952464, 1.0235014, -5.6142664, 45.666862)
size = Vector3(24.492916, 0.36523438, 16.058289)
material = ExtResource("1_wwpf4")

[node name="CSGBox3D44" type="CSGBox3D" parent="Hillside"]
transform = Transform3D(0.99941593, 0.001465692, 0.03413537, 9.9312514e-05, 0.99895114, -0.045800306, -0.03416673, 0.045776866, 0.99836737, 2.1027966, -6.8926883, 54.229473)
size = Vector3(26.085083, 4.323242, 15.212952)
material = ExtResource("1_wwpf4")

[node name="CSGBox3D" type="CSGBox3D" parent="Hillside/CSGBox3D44"]
transform = Transform3D(0.99999964, -0.0008054208, 0.00035042688, 0.0008779657, 0.92854124, -0.37122428, -2.6412308e-05, 0.3712235, 0.92854327, 1.5669712, 2.601223, 3.9305153)
operation = 2
size = Vector3(23.631287, 1.6176758, 4.2529907)
material = ExtResource("1_wwpf4")

[node name="CSGBox3D3" type="CSGBox3D" parent="Hillside/CSGBox3D44"]
transform = Transform3D(0.99999964, -0.0008054208, 0.00035042688, 0.0008779657, 0.92854124, -0.37122428, -2.6412308e-05, 0.3712235, 0.92854327, 1.5669712, 2.601223, 3.9305153)
operation = 2
size = Vector3(23.631287, 1.6176758, 4.2529907)
material = ExtResource("1_wwpf4")

[node name="CSGBox3D2" type="CSGBox3D" parent="Hillside/CSGBox3D44"]
transform = Transform3D(0.9997751, 0.021319754, -0.0016958714, -0.0200078, 0.9603621, 0.27801913, 0.0075557716, -0.2779247, 0.9605727, 1.826609, 5.6502733, -8.089966)
operation = 2
size = Vector3(23.631287, 10.0685425, 19.088638)
material = ExtResource("1_wwpf4")

[node name="CSGBox3D38" type="CSGBox3D" parent="Hillside"]
transform = Transform3D(0.9576261, 0.28774512, 0.0124369245, -0.28603375, 0.95521134, -0.07587233, -0.03371182, 0.06909988, 0.99704, -9.755918, -4.485591, 44.65398)
size = Vector3(18.091185, 0.6697998, 14.187866)
material = ExtResource("1_wwpf4")

[node name="CSGBox3D39" type="CSGBox3D" parent="Hillside"]
transform = Transform3D(0.9576261, 0.2832101, -0.052383006, -0.28603375, 0.9138934, -0.28806984, -0.033711825, 0.2908466, 0.95617557, -9.371552, -3.1904373, 36.8748)
size = Vector3(18.091185, 0.36523438, 14.187866)
material = ExtResource("1_wwpf4")

[node name="CSGBox3D41" type="CSGBox3D" parent="Hillside"]
transform = Transform3D(0.9757125, -0.011404548, 0.21875721, 0.040390506, 0.99088806, -0.12849341, -0.21529841, 0.13420829, 0.96728206, -26.896797, -4.387829, 43.72472)
size = Vector3(18.091185, 5.5457764, 20.010077)
material = ExtResource("1_wwpf4")

[node name="CSGBox3D43" type="CSGBox3D" parent="Hillside"]
transform = Transform3D(0.892062, -0.011404544, -0.45176888, -0.050556734, 0.99088806, -0.1248437, 0.44907588, 0.13420829, 0.8833566, -21.726446, -3.0164855, 34.03915)
size = Vector3(14.555846, 5.5457764, 20.010077)
material = ExtResource("1_wwpf4")

[node name="CSGBox3D42" type="CSGBox3D" parent="Hillside"]
transform = Transform3D(0.91858965, 0.04632038, -0.39248875, -0.18998566, 0.9225874, -0.3357663, 0.34655207, 0.38299888, 0.8562789, -22.580708, -6.332462, 52.808437)
size = Vector3(23.440155, 5.5457764, 20.010077)
material = ExtResource("1_wwpf4")

[node name="CSGBox3D43" type="CSGBox3D" parent="Hillside/CSGBox3D42"]
transform = Transform3D(0.9223253, 0.106789775, 0.37136605, -0.2324452, 0.921061, 0.3124429, -0.30868396, -0.37449667, 0.87434, 10.292543, 1.0885191, -12.225109)
operation = 2
size = Vector3(21.572937, 3.4048462, 20.239288)
material = ExtResource("1_wwpf4")

[node name="CSGBox3D37" type="CSGBox3D" parent="Hillside"]
transform = Transform3D(0.99941593, -0.0032167973, 0.03401506, 0.00513188, 0.99839765, -0.056364655, -0.033779267, 0.056506217, 0.99783075, 0.99169016, -5.218691, 41.893757)
size = Vector3(24.492916, 0.36523438, 14.187866)
material = ExtResource("1_wwpf4")

[node name="CSGBox3D22" type="CSGBox3D" parent="Hillside"]
