[gd_scene load_steps=4 format=3 uid="uid://dp8sdl4ps8xu2"]

[ext_resource type="Material" uid="uid://ib3ge7vrata7" path="res://materials/road.tres" id="1_g2h75"]
[ext_resource type="Material" uid="uid://b641hk5h2fmit" path="res://materials/grass.tres" id="1_wwpf4"]
[ext_resource type="Material" uid="uid://bkqjf6i0vw30b" path="res://materials/dirt.tres" id="3_m7ahb"]

[node name="Level 1" type="Node3D"]

[node name="House" type="CSGCombiner3D" parent="."]
transform = Transform3D(-4.371139e-08, 1, 7.1054274e-15, -1, -4.371139e-08, 1.7484555e-07, 1.7484555e-07, 0, 1, 0, 2.1999998, 2.6226832e-07)
use_collision = true

[node name="Roof" type="CSGBox3D" parent="House"]
transform = Transform3D(1, 0, 0, 9.3947054e-23, 1, 0, 0, 0, 1, -0.5999999, -2.6226836e-08, 1.04907485e-07)
use_collision = true
size = Vector3(0.1, 6, 6)

[node name="Wall2" type="CSGBox3D" parent="House"]
transform = Transform3D(4.3711374e-08, -1, -1.7484555e-07, -1, -4.371139e-08, 8.742278e-08, -8.7422784e-08, 1.7484555e-07, -1, 0.85, -3, -8.877242e-07)
use_collision = true
size = Vector3(0.1, 3, 6)

[node name="Wall4" type="CSGBox3D" parent="House"]
transform = Transform3D(1.7484557e-07, -1, 4.371135e-08, -2.1855695e-07, -4.371139e-08, -1, 1, 1.7484555e-07, -2.1855696e-07, 0.8499994, 3.715467e-08, -3.0000005)
use_collision = true
size = Vector3(0.1, 3, 6)

[node name="CSGBox3D" type="CSGBox3D" parent="House/Wall4"]
transform = Transform3D(1, 0, 0, 0, 1, -4.1372965e-29, 0, 0, 1, 0, -0.32640862, 0)
operation = 2
size = Vector3(1, 2.244629, 1.2)

[node name="Wall3" type="CSGBox3D" parent="House"]
transform = Transform3D(4.3711374e-08, -1, -1.7484555e-07, -1, -4.371139e-08, 8.742278e-08, -8.7422784e-08, 1.7484555e-07, -1, 0.84999967, 3, -4.1088683e-07)
use_collision = true
size = Vector3(0.1, 3, 6)

[node name="Wall" type="CSGBox3D" parent="House"]
transform = Transform3D(1.7484555e-07, -1, 4.371138e-08, -4.371139e-08, -4.371139e-08, -1, 1, 1.7484555e-07, -4.3711395e-08, 0.85000014, 3.7154674e-08, 2.9999995)
use_collision = true
size = Vector3(0.1, 3, 6)

[node name="HillOutsideHouse" type="CSGCombiner3D" parent="."]
use_collision = true

[node name="Ground" type="CSGBox3D" parent="HillOutsideHouse"]
transform = Transform3D(1, 0, 0, 0, 1, 0, 0, 0, 1, 0, -0.2528212, 0)
size = Vector3(19.970703, 0.50305176, 16.442383)
material = ExtResource("1_g2h75")

[node name="Ground" type="CSGBox3D" parent="HillOutsideHouse/Ground"]
transform = Transform3D(1, 0, 0, 0, 0.9848077, -0.17364818, 0, 0.17364818, 0.9848077, 0, 1.3922942, -14.550322)
size = Vector3(19.970703, 0.50305176, 16.442383)
material = ExtResource("1_wwpf4")

[node name="Ground2" type="CSGBox3D" parent="HillOutsideHouse/Ground/Ground"]
transform = Transform3D(1, 0, 0, 0, 0.9848078, -0.17364818, 0, 0.17364818, 0.9848078, 0, 1.3922949, -14.550323)
size = Vector3(19.970703, 0.50305176, 16.442383)
material = ExtResource("1_wwpf4")

[node name="Ground" type="CSGBox3D" parent="HillOutsideHouse/Ground/Ground"]
transform = Transform3D(1, 0, 0, 0, 0.9848077, -0.17364818, 0, 0.17364818, 0.9848077, 0, 1.3922942, -14.550322)
size = Vector3(19.970703, 0.50305176, 16.442383)
material = ExtResource("1_wwpf4")

[node name="Ground2" type="CSGBox3D" parent="HillOutsideHouse/Ground"]
transform = Transform3D(0.64278764, 0, 0.76604444, 0, 1, 0, -0.76604444, 0, 0.64278764, 2.9040356, -0.2528212, 0)
size = Vector3(19.970703, 0.50305176, 16.442383)
material = ExtResource("1_wwpf4")

[node name="Ground" type="CSGBox3D" parent="HillOutsideHouse/Ground/Ground2"]
transform = Transform3D(1, 0, 0, 0, 0.9848077, -0.17364818, 0, 0.17364818, 0.9848077, 0, 1.3922942, -14.550322)
size = Vector3(19.970703, 0.50305176, 16.442383)
material = ExtResource("1_wwpf4")

[node name="Ground2" type="CSGBox3D" parent="HillOutsideHouse/Ground/Ground2/Ground"]
transform = Transform3D(1, 0, 0, 0, 0.9848078, -0.17364818, 0, 0.17364818, 0.9848078, 0, 1.3922949, -14.550323)
size = Vector3(19.970703, 0.50305176, 16.442383)
material = ExtResource("1_wwpf4")

[node name="Ground" type="CSGBox3D" parent="HillOutsideHouse/Ground/Ground2/Ground"]
transform = Transform3D(1, 0, 0, 0, 0.9848077, -0.17364818, 0, 0.17364818, 0.9848077, 0, 1.3922942, -14.550322)
size = Vector3(19.970703, 0.50305176, 16.442383)
material = ExtResource("1_wwpf4")

[node name="Ground3" type="CSGBox3D" parent="HillOutsideHouse/Ground"]
transform = Transform3D(0.8660254, 0.25, 0.43301266, 0, 0.8660253, -0.5, -0.5, 0.4330127, 0.74999994, -10.355811, 6.4611216, -28.152878)
size = Vector3(19.970703, 0.50305176, 16.442383)
material = ExtResource("1_wwpf4")

[node name="CSGBox3D4" type="CSGBox3D" parent="HillOutsideHouse/Ground"]
transform = Transform3D(0.8750256, 0, 0.48407662, 0, 1, 0, -0.48407662, 0, 0.8750256, -17.518446, 5.882578, -30.948015)
size = Vector3(36.678955, 2.2391357, 13.605713)
material = ExtResource("1_wwpf4")

[node name="CSGBox3D3" type="CSGBox3D" parent="HillOutsideHouse/Ground"]
transform = Transform3D(0.61925846, 0, 0.78518724, 0, 1, 0, -0.78518724, 0, 0.61925846, -20.97456, 5.414399, -30.73477)
size = Vector3(36.678955, 2.2391357, 13.605713)
material = ExtResource("1_wwpf4")

[node name="CSGBox3D2" type="CSGBox3D" parent="HillOutsideHouse/Ground"]
transform = Transform3D(1, 0, 0, 0, 1, 0, 0, 0, 1, -8.294067, 5.7357244, -37.172363)
size = Vector3(36.678955, 2.2391357, 13.605713)
material = ExtResource("1_wwpf4")

[node name="CSGBox3D" type="CSGBox3D" parent="HillOutsideHouse/Ground"]
transform = Transform3D(1, 0, 0, 0, 1, 0, 0, 0, 1, 0, 9.126209, 0)
operation = 2
size = Vector3(158.27344, 6.4, 250.6)
material = ExtResource("1_wwpf4")

[node name="CSGBox3D7" type="CSGBox3D" parent="HillOutsideHouse/Ground"]
transform = Transform3D(7.4505806e-08, 0, 1, 0, 1, 0, -1, 0, 7.4505806e-08, 2.4555397, 0, 12.497274)
operation = 2
size = Vector3(8.703003, 19.957031, 58.0791)
material = ExtResource("1_wwpf4")

[node name="CSGBox3D6" type="CSGBox3D" parent="HillOutsideHouse/Ground"]
transform = Transform3D(0.64278764, 0, 0.76604444, 0, 1, 0, -0.76604444, 0, 0.64278764, -17.533182, 0, 1.5063438)
operation = 2
size = Vector3(8.703003, 19.957031, 58.0791)
material = ExtResource("1_wwpf4")

[node name="CSGBox3D5" type="CSGBox3D" parent="HillOutsideHouse/Ground"]
transform = Transform3D(1, 0, 0, 0, 1, 0, 0, 0, 1, 14.293419, 0, -18.781387)
operation = 2
size = Vector3(8.703003, 19.957031, 58.0791)
material = ExtResource("1_wwpf4")

[node name="CSGCombiner3D" type="CSGCombiner3D" parent="."]
use_collision = true

[node name="CSGBox3D5" type="CSGBox3D" parent="CSGCombiner3D"]
transform = Transform3D(-0.86602616, 0, 0.49999958, 0, 1, 0, -0.49999958, 0, -0.86602616, -26.239275, 4.854832, -11.169058)
size = Vector3(7.5, 4.1, 4.4)

[node name="CSGBox3D7" type="CSGBox3D" parent="CSGCombiner3D"]
transform = Transform3D(-0.9396927, 0, -0.34202093, 0, 1, 0, 0.34202093, 0, -0.9396927, -20.559467, 1.51493, 1.3267622)
size = Vector3(7.5, 4.1, 4.4)

[node name="CSGBox3D8" type="CSGBox3D" parent="CSGCombiner3D"]
transform = Transform3D(-0.98480785, 0, -0.17365065, 0, 1, 0, 0.17365065, 0, -0.98480785, -14.818796, 0.22702885, 13.527582)
size = Vector3(7.5, 4.1, 4.4)

[node name="CSGBox3D6" type="CSGBox3D" parent="CSGCombiner3D"]
transform = Transform3D(-0.5000013, 0, 0.86602515, 0, 1, 0, -0.86602515, 0, -0.5000013, -20.697561, 0.9920492, 10.021422)
size = Vector3(7.5, 4.1, 4.4)

[node name="CSGBox3D4" type="CSGBox3D" parent="CSGCombiner3D"]
transform = Transform3D(0.17364854, 0, -0.98480797, 0, 1, 0, 0.98480797, 0, 0.17364854, -19.28389, 4.1971893, -2.1050143)
size = Vector3(7.5, 4.1, 4.4)

[node name="CSGBox3D3" type="CSGBox3D" parent="CSGCombiner3D"]
transform = Transform3D(0.5000002, 0, -0.86602545, 0, 1, 0, 0.86602545, 0, 0.5000002, -23.604097, 3.1478922, -7.4715023)
size = Vector3(7.5, 4.1, 4.4)

[node name="CSGBox3D2" type="CSGBox3D" parent="CSGCombiner3D"]
transform = Transform3D(0.7660445, 0, -0.64278764, 0, 1, 0, 0.64278764, 0, 0.7660445, -18.990147, 2.0985951, -5.11384)
size = Vector3(7.5, 4.1, 4.4)

[node name="CSGBox3D" type="CSGBox3D" parent="CSGCombiner3D"]
transform = Transform3D(0.9396926, 0, -0.34202012, 0, 1, 0, 0.34202012, 0, 0.9396926, -13.707705, 1.049298, 0.44191736)
size = Vector3(7.5, 4.1, 4.4)

[node name="CSGCombiner3D2" type="CSGCombiner3D" parent="."]
use_collision = true

[node name="CSGBox3D4" type="CSGBox3D" parent="CSGCombiner3D2"]
transform = Transform3D(5.066395e-07, 0, 0.99999964, 0, 1, 0, -0.99999964, 0, 5.066395e-07, 101.45958, -0.35325062, 78.21149)
size = Vector3(22, 0.5, 18.300001)
material = ExtResource("1_g2h75")

[node name="CSGBox3D3" type="CSGBox3D" parent="CSGCombiner3D2"]
transform = Transform3D(-2.9802322e-08, 0, 1, 0, 1, 0, -1, 0, -2.9802322e-08, 91.2021, -0.30000195, 78.11785)
size = Vector3(22, 0.5, 6.7000003)
material = ExtResource("1_g2h75")

[node name="CSGBox3D8" type="CSGBox3D" parent="CSGCombiner3D2"]
transform = Transform3D(0.34201992, 0, -0.93969214, 0, 1, 0, 0.93969214, 0, 0.34201992, 87.78231, -0.3, 58.25869)
size = Vector3(22, 0.5, 6.7000003)
material = ExtResource("1_g2h75")

[node name="CSGBox3D7" type="CSGBox3D" parent="CSGCombiner3D2"]
transform = Transform3D(0.99999976, 0, -2.9802322e-08, 0, 1, 0, 2.9802322e-08, 0, 0.99999976, 76.341156, -0.3, 49.979347)
size = Vector3(22, 0.5, 6.7000003)
material = ExtResource("1_g2h75")

[node name="CSGBox3D10" type="CSGBox3D" parent="CSGCombiner3D2"]
transform = Transform3D(-0.9299263, -0.17845757, -0.32154176, -0.1629466, 0.98379844, -0.07475753, 0.32967338, -0.017124698, -0.94393915, 44.810795, -3.58713, 64.63018)
size = Vector3(22, 0.5, 6.7000003)
material = ExtResource("1_g2h75")

[node name="CSGBox3D" type="CSGBox3D" parent="CSGCombiner3D2/CSGBox3D10"]
transform = Transform3D(0.7660448, -3.1403033e-07, 0.6427876, 1.1175871e-08, 1.0000519, 1.1175871e-08, -0.6427879, 3.1432137e-09, 0.76604474, -10.22665, -0.70844555, -1.648529)
operation = 2
size = Vector3(17.95874, 4.8272095, 7.4300537)

[node name="CSGBox3D9" type="CSGBox3D" parent="CSGCombiner3D2"]
transform = Transform3D(-0.49240398, -0.08682419, -0.86602503, -0.17364809, 0.98480767, -2.9802322e-08, 0.85286814, 0.15038374, -0.50000006, 50.0672, -2.205826, 57.06666)
size = Vector3(22, 0.5, 6.7000003)
material = ExtResource("1_g2h75")

[node name="CSGBox3D" type="CSGBox3D" parent="CSGCombiner3D2/CSGBox3D9"]
transform = Transform3D(0.9984451, 0.05575168, 8.046627e-07, -0.055751782, 0.9984447, -4.6044584e-06, -1.9751468e-07, -1.6378191e-08, 1, 7.27221, 0.4887874, 0.6563034)
operation = 2
size = Vector3(15.946777, 1.2959595, 9.233032)
material = ExtResource("1_g2h75")

[node name="CSGBox3D6" type="CSGBox3D" parent="CSGCombiner3D2"]
transform = Transform3D(-0.8660253, 0, 0.49999997, 0, 1, 0, -0.49999997, 0, -0.8660253, 57.49389, -0.3, 45.02227)
size = Vector3(22, 0.5, 6.7000003)
material = ExtResource("1_g2h75")

[node name="CSGBox3D5" type="CSGBox3D" parent="CSGCombiner3D2"]
transform = Transform3D(0.5, 0, -0.8660254, 0, 1, 0, 0.8660254, 0, 0.5, 43.825, -0.3, 31.192)
size = Vector3(22, 0.5, 6.7000003)
material = ExtResource("1_g2h75")

[node name="CSGBox3D2" type="CSGBox3D" parent="CSGCombiner3D2"]
transform = Transform3D(0.8660254, 0, -0.5, 0, 1, 0, 0.5, 0, 0.8660254, 30.2, -0.3, 17.199999)
size = Vector3(22, 0.5, 6.7000003)
material = ExtResource("1_g2h75")

[node name="CSGBox3D" type="CSGBox3D" parent="CSGCombiner3D2"]
transform = Transform3D(1, 0, 0, 0, 1, 0, 0, 0, 1, 9.8, -0.3, 11.4)
size = Vector3(25.2, 0.5, 6.7000003)
material = ExtResource("1_g2h75")

[node name="CSGBox3D11" type="CSGBox3D" parent="CSGCombiner3D2"]
transform = Transform3D(1, 0, 0, 0, 1, 0, 0, 0, 1, 11.44412, -5.062045, 66.79052)
size = Vector3(51.100002, 0.5, 30.9)
material = ExtResource("1_g2h75")

[node name="Rocks" type="CSGCombiner3D" parent="."]
use_collision = true

[node name="CSGBox3D16" type="CSGBox3D" parent="Rocks"]
transform = Transform3D(0.8855477, 0, 0.4645484, 0, 1, 0, -0.4645484, 0, 0.8855477, 7.6391726, -3.6395483, 44.30221)
size = Vector3(4.357666, 3.7021484, 3.5854492)

[node name="CSGBox3D19" type="CSGBox3D" parent="Rocks"]
transform = Transform3D(0.89782023, 0, -0.44036236, 0, 1, 0, 0.44036236, 0, 0.89782023, 11.373212, -4.4964, 44.45842)
size = Vector3(4.357666, 3.7021484, 4.0855713)

[node name="CSGBox3D22" type="CSGBox3D" parent="Rocks"]
transform = Transform3D(0.3726315, 0, -0.92797947, 0, 1, 0, 0.92797947, 0, 0.3726315, 13.230923, -5.2981577, 46.99669)
size = Vector3(2.8642578, 2.0986328, 2.1672974)

[node name="CSGBox3D20" type="CSGBox3D" parent="Rocks"]
transform = Transform3D(0.15333077, 0, -0.9881749, 0, 1, 0, 0.9881749, 0, 0.15333077, 13.271357, -1.7527406, 43.008816)
size = Vector3(5.4327393, 3.7021484, 4.0855713)

[node name="CSGBox3D21" type="CSGBox3D" parent="Rocks"]
transform = Transform3D(-0.14680819, 0, -0.989165, 0, 1, 0, 0.989165, 0, -0.14680819, 14.915063, 0.07081008, 40.811077)
size = Vector3(5.8565063, 3.2226563, 4.181549)

[node name="CSGBox3D17" type="CSGBox3D" parent="Rocks"]
transform = Transform3D(0.17149928, 0, 0.9851843, 0, 1, 0, -0.9851843, 0, 0.17149928, 10.964455, -2.3840442, 41.219807)
size = Vector3(4.357666, 3.7021484, 3.5854492)

[node name="CSGBox3D18" type="CSGBox3D" parent="Rocks"]
transform = Transform3D(0.69036496, 0, 0.7234614, 0, 1, 0, -0.7234614, 0, 0.69036496, 13.082036, -1.0185752, 38.917236)
size = Vector3(4.357666, 3.7021484, 3.5854492)

[node name="Hillside" type="CSGCombiner3D" parent="."]
use_collision = true

[node name="CSGBox3D3" type="CSGBox3D" parent="Hillside"]
transform = Transform3D(0.7244041, -0.47851208, -0.4962522, 0.38696873, 0.87799954, -0.28173503, 0.57052183, 0.012055625, 0.82119465, 8.563742, -3.1638246, 36.42356)
size = Vector3(9.151245, 0.36523438, 15.3203125)
material = ExtResource("1_wwpf4")

[node name="CSGBox3D7" type="CSGBox3D" parent="Hillside"]
transform = Transform3D(0.7471874, -0.51027703, 0.42582747, 0.5317697, 0.8433359, 0.07750261, -0.39866275, 0.16853282, 0.901478, 11.557274, -1.2575482, 30.183529)
size = Vector3(9.151245, 0.36523438, 15.3203125)
material = ExtResource("1_wwpf4")

[node name="CSGBox3D6" type="CSGBox3D" parent="Hillside"]
transform = Transform3D(0.9750162, 0.061042536, -0.2135824, -0.14426932, 0.90513027, -0.39990792, 0.16890855, 0.4207299, 0.8913221, 2.8445, -2.8539665, 27.724089)
size = Vector3(9.151245, 0.36523438, 15.3203125)
material = ExtResource("1_wwpf4")

[node name="CSGBox3D5" type="CSGBox3D" parent="Hillside"]
transform = Transform3D(0.91067034, -0.2825754, -0.30138126, 0.16509883, 0.9176365, -0.36150494, 0.37871087, 0.27945402, 0.8823167, 7.67432, -2.191156, 29.122223)
size = Vector3(9.151245, 0.36523438, 15.3203125)
material = ExtResource("1_wwpf4")

[node name="CSGBox3D2" type="CSGBox3D" parent="Hillside"]
transform = Transform3D(0.9772484, -0.1311609, -0.16668065, 0.10124044, 0.9790226, -0.1768196, 0.18637596, 0.15592179, 0.9700268, 5.0956883, -3.9187913, 35.165596)
size = Vector3(9.151245, 0.36523438, 15.3203125)
material = ExtResource("1_wwpf4")

[node name="CSGBox3D14" type="CSGBox3D" parent="Hillside"]
transform = Transform3D(0.9772484, -0.11765741, -0.17647198, 0.101240434, 0.9898899, -0.09934038, 0.18637595, 0.07921404, 0.97927976, 3.1283596, -5.0085964, 43.856552)
size = Vector3(9.977478, 0.36523438, 17.061035)
material = ExtResource("1_wwpf4")

[node name="CSGBox3D15" type="CSGBox3D" parent="Hillside"]
transform = Transform3D(0.99941593, -0.0032167975, 0.03401506, 9.9312514e-05, 0.9958279, 0.09125688, -0.034166735, -0.09120036, 0.9952464, 5.003142, -5.699212, 44.598957)
size = Vector3(16.465324, 0.36523438, 14.187866)
material = ExtResource("1_wwpf4")

[node name="CSGBox3D22" type="CSGBox3D" parent="Hillside"]
transform = Transform3D(0.9286668, 0.09600739, 0.358274, -0.05965468, 0.99200636, -0.111201406, -0.366086, 0.08189629, 0.92697036, 9.341352, -4.9658003, 48.352844)
size = Vector3(6.5567007, 0.36523438, 6.006195)
material = ExtResource("1_wwpf4")

[node name="CSGBox3D16" type="CSGBox3D" parent="Hillside/CSGBox3D22"]
transform = Transform3D(0.82967913, -0.2165869, -0.5145126, 0.23250262, 0.97199273, -0.034242906, 0.50751936, -0.091215014, 0.8567989, -2.8534613, 0.40176725, -6.1447525)
operation = 2
size = Vector3(9.977478, 2.0179443, 17.061035)
material = ExtResource("1_wwpf4")

[node name="CSGBox3D" type="CSGBox3D" parent="Hillside"]
transform = Transform3D(1, 0, 0, 0, 0.9848077, -0.17364818, 0, 0.17364818, 0.9848077, 0.95207787, -4.234393, 34.455467)
size = Vector3(4.828125, 0.36523438, 15.3203125)
material = ExtResource("1_wwpf4")

[node name="CSGBox3D11" type="CSGBox3D" parent="Hillside"]
transform = Transform3D(0.34543025, 0, -0.938441, 0, 1, 0, 0.938441, 0, 0.34543025, 38.227634, -1.2974253, 34.128765)
size = Vector3(22.629517, 2.777832, 11.838032)
material = ExtResource("1_wwpf4")

[node name="CSGBox3D10" type="CSGBox3D" parent="Hillside"]
transform = Transform3D(0.82019114, 0, -0.57208675, 0, 1, 0, 0.57208675, 0, 0.82019114, 24.94059, -1.2709169, 21.144379)
size = Vector3(21.225586, 2.777832, 9.154579)
material = ExtResource("1_wwpf4")

[node name="CSGBox3D8" type="CSGBox3D" parent="Hillside"]
transform = Transform3D(0.9957762, 0, 0.091814466, 0, 1, 0, -0.091814466, 0, 0.9957762, 5.2787504, -0.6354575, 17.392885)
size = Vector3(25.145996, 2.777832, 8.060135)
material = ExtResource("1_wwpf4")

[node name="CSGBox3D4" type="CSGBox3D" parent="Hillside"]
transform = Transform3D(1, 0, 0, 0, 1, 0, 0, 0, 1, 12.384352, 5.45508, 28.59183)
operation = 2
size = Vector3(75.812164, 10.794434, 34.213867)
material = ExtResource("1_wwpf4")

[node name="CSGCylinder3D" type="CSGCylinder3D" parent="Hillside"]
transform = Transform3D(-4.371139e-08, 1, 0, -1, -4.371139e-08, 0, 0, 0, 1, 6.6957846, 1.429811, 18.210632)
operation = 2
radius = 1.8823242
height = 21.794067
material = ExtResource("3_m7ahb")

[node name="CSGCylinder3D2" type="CSGCylinder3D" parent="Hillside"]
transform = Transform3D(-3.4809585e-08, 0.7963505, -0.60483545, -1, -4.371139e-08, 0, -2.6438197e-08, 0.60483545, 0.7963505, 27.56197, 1.4298091, 25.046535)
operation = 2
radius = 1.8823242
height = 20.646362
material = ExtResource("3_m7ahb")

[node name="CSGBox3D13" type="CSGBox3D" parent="Hillside"]
transform = Transform3D(-0.2754236, 0.13249329, -0.95214885, 0.109925054, 0.9883007, 0.10572647, 0.9550178, -0.07554553, -0.28676543, 38.19569, 6.31599, 39.559666)
operation = 2
size = Vector3(50.483704, 10.794434, 34.213867)
material = ExtResource("1_wwpf4")

[node name="CSGBox3D12" type="CSGBox3D" parent="Hillside"]
transform = Transform3D(0.86602545, 0.13728169, -0.48078442, -3.964372e-09, 0.96156895, 0.2745634, 0.50000024, -0.23777887, 0.8327433, 26.606508, 5.710041, 19.313568)
operation = 2
size = Vector3(50.483704, 10.794434, 34.213867)
material = ExtResource("1_wwpf4")

[node name="CSGBox3D9" type="CSGBox3D" parent="Hillside"]
transform = Transform3D(1, 0, 0, 0, 0.99034566, 0.13862, 0, -0.13862, 0.99034566, -0.55975723, 5.7573805, 17.33768)
operation = 2
size = Vector3(50.483704, 10.794434, 34.213867)
material = ExtResource("1_wwpf4")
