[gd_scene load_steps=5 format=3 uid="uid://dhjis0dh3pgyn"]

[ext_resource type="PackedScene" uid="uid://kqg33ffj8dav" path="res://resources/rocks/Rocas/rock_1.tscn" id="1_p58vy"]
[ext_resource type="PackedScene" uid="uid://ce4h8xrm3faw7" path="res://resources/rocks/Rocas/rock_2.tscn" id="2_4nqu5"]
[ext_resource type="PackedScene" uid="uid://bkeseu6ygtrld" path="res://resources/rocks/Rocas/rock_3.tscn" id="3_2pg3f"]
[ext_resource type="PackedScene" uid="uid://bo5kfylko84bq" path="res://resources/rocks/Rocas/rock_4.tscn" id="4_rayrt"]

[node name="Scatter4" type="Node3D"]

[node name="Rock1" parent="." instance=ExtResource("1_p58vy")]
transform = Transform3D(1, 0, 0, 0, 1, 0, 0, 0, 1, 0.29044008, 0.25372654, 0.47466055)

[node name="Rock2" parent="." instance=ExtResource("2_4nqu5")]
transform = Transform3D(1, 0, 0, 0, 1, 0, 0, 0, 1, 0.58336973, 0.113575995, -0.8250488)

[node name="Rock3" parent="." instance=ExtResource("3_2pg3f")]
transform = Transform3D(1, 0, 0, 0, 1, 0, 0, 0, 1, 1.4486089, -0.09510082, 0.20903173)

[node name="Rock4" parent="." instance=ExtResource("2_4nqu5")]
transform = Transform3D(0.13472988, 0, -0.99088234, 0, 1, 0, 0.99088234, 0, 0.13472988, -0.21598244, -0.069931924, -0.5388435)

[node name="Rock5" parent="." instance=ExtResource("3_2pg3f")]
transform = Transform3D(0.6229653, 0, 0.78224945, 0, 1, 0, -0.78224945, 0, 0.6229653, -1.2017684, -0.1372227, -0.15743098)

[node name="Rock6" parent="." instance=ExtResource("4_rayrt")]
transform = Transform3D(0.7902727, 0, -0.6127553, 0, 1, 0, 0.6127553, 0, 0.7902727, -0.8275366, 0.43788916, 0.76492846)
